0 2 5
0.956584637445 0.101242942102 -0.273305137309 -0.339560907992
-0.083662701950 0.993647946491 0.075261615298 -0.220461515167
0.279188795812 -0.049128658740 0.958978618731 0.357749442693
0.000000000000 0.000000000000 0.000000000000 1.000000000000
0 3 5
0.930766460049 0.124544432589 -0.343747699861 -0.291480758372
-0.152236760424 0.986830884427 -0.054669683710 -0.511240244150
0.332412041936 0.103215744208 0.937469329911 0.611383035018
0.000000000000 0.000000000000 0.000000000000 1.000000000000
0 4 5
0.980723363037 -0.069241817594 0.182721799164 -0.106754656236
0.085932685495 0.992663238751 -0.085060378535 -0.449430582388
-0.175491477734 0.099122475398 0.979478165205 0.518929547896
0.000000000000 0.000000000000 0.000000000000 1.000000000000
1 3 5
0.947783496465 0.035644225774 -0.316916287051 -0.096724561371
-0.065461669843 0.994318327351 -0.083939464344 -0.538954477892
0.312123715233 0.100302308358 0.944731831435 0.479219792498
0.000000000000 0.000000000000 0.000000000000 1.000000000000
1 4 5
0.966661322362 -0.157117784889 0.202187758089 0.103975068976
0.176346215527 0.981007717065 -0.080782865316 -0.423579133784
-0.185655326126 0.113744717376 0.976009343782 0.370087883701
0.000000000000 0.000000000000 0.000000000000 1.000000000000
