0 2 5
0.956406904053 -0.123973880268 0.264416926259 0.142833679012
0.118188059334 0.992273640358 0.037743943628 -0.073966975676
-0.267053209139 -0.004847644903 0.963669592665 -0.163242088702
0.000000000000 0.000000000000 0.000000000000 1.000000000000
0 3 5
0.947900802079 -0.038202794811 -0.316266684756 0.064360593033
-0.004937573651 0.990902280135 -0.134492719469 -0.261383967660
0.318527376821 0.129047346708 0.939088437009 -0.072764592799
0.000000000000 0.000000000000 0.000000000000 1.000000000000
1 3 5
0.923667026878 -0.004897821965 -0.383164761948 -0.030998042968
-0.015377980656 0.998639033497 -0.049835714975 -0.125997855533
0.382887374002 0.051923906981 0.922334628383 -0.075266226776
0.000000000000 0.000000000000 0.000000000000 1.000000000000
