0 2 5
0.997687591697 0.015069678158 -0.066274989047 -0.536797989239
-0.000317339489 0.976132224062 0.217176841405 0.018125209648
0.067965937562 -0.216653608203 0.973879790007 -0.413301638119
0.000000000000 0.000000000000 0.000000000000 1.000000000000
0 3 5
0.996950457184 0.076508863303 -0.015368140934 -0.530859430745
-0.077881888241 0.987896922720 -0.134142020129 0.020587429868
0.004919085656 0.134929848130 0.990842943498 -0.143426082525
0.000000000000 0.000000000000 0.000000000000 1.000000000000
0 4 5
0.495042372202 0.001727765138 0.868867115589 -0.538999457925
0.182260143766 0.977542940929 -0.105787705500 -0.006617020023
-0.849537691759 0.210729242082 0.483610273685 0.283075909698
0.000000000000 0.000000000000 0.000000000000 1.000000000000
1 3 5
0.993035638819 -0.044416904698 -0.109120844078 -0.196277242685
0.032170774613 0.993240515708 -0.111527212895 -0.082491699384
0.113336937033 0.107239995022 0.987752156247 0.005765765951
0.000000000000 0.000000000000 0.000000000000 1.000000000000
